#,tx_hash,wallet,checkin_time_utc,block
1,0x595d469cc151229c3f7007eda07dcbdbcc0e1ee8511e447276dee2428b7b79b6,0x35Eb106c1f781FeE54bD8461d52DAC80a98EB2A8,2026-04-22 06:53:12 UTC,455078597
2,0x0c8d5cda2358d53ea4c9b39d0c4ed6fcdea3c06102dd3be8c8e2995f432f0fb0,0xB7eA94F09f680eb246d3cfcF47D9b4b8acdf23bE,2026-04-22 12:35:07 UTC,455160739
3,0x4d89ebc489aefb982312e6b3a8b77273b465296a7f4e2f05b5b50b8feda9db42,0x7c5B15E5e361E7B91D2648256aC50BC561979F3c,2026-04-22 12:40:10 UTC,455161955
4,0x1638c49266be4bb06db1008a475d71a32ca5965d2dab323ce67cbe5a92c075dc,0xE9Ef9234fa9d0585E5f153420386c92653E2fc65,2026-04-22 12:40:18 UTC,455161985
5,0xfbbd48896097edf3f21a7d70754010a490ca720ac91fa998036b64fe89c0ab02,0x69808E08Cc361e98AA085E14a9fA64C9f91EE19f,2026-04-22 12:40:23 UTC,455162006
6,0x92e8f2738f1807a2404f7eab7a19458714a5ce38c6c85b6e7dc854fedfdd0617,0x6ca40A6b8798F3f021F745ABE20E218Ea67153fd,2026-04-22 12:40:30 UTC,455162036
7,0x1fd2b0e67d4eac0eb08a4021aa60492289d3bbe01b9daf2fb6c4afc497988fbf,0x823ba1402Fb6fA3BCA06BA5aCF16A2Fcc98E4F88,2026-04-22 12:49:30 UTC,455164193
8,0x66adf0f78066dd74d69deebbc0da33915fba53e0d4cc03a20fcd39e418e07a1a,0xA322F2977eF7B03F23f3cbA4d7F543C6b059783A,2026-04-22 12:50:11 UTC,455164357
9,0xe803c4811775f92021681790514969ac70b3b7fac0165ec290ac6aa0d6a455d8,0xc5220AAeea2eAf0d79C3EA9413166f0Ad6F6e1c5,2026-04-22 12:50:27 UTC,455164421
10,0x46df85f8f0f3b64ff3271e58a8b3b23f1377173fd77aa33f9b96628f129c83eb,0xb0FE8447eFC120744AFd1D9BB2E4A01C8597ebC1,2026-04-22 12:50:29 UTC,455164428
11,0x0848ac211a819e69f721e7251170ddad104f906e9cf0514df39748a3758e6b40,0xDe87457C1F31c25379932934b04E8758f633af50,2026-04-22 12:50:50 UTC,455164515
12,0x4f5aa247da728e4fd18a655dc87f341d348542e18aeec23074479ee2a4a01dcf,0x2a5AE1B1b7965Fa5e5DD63B1A67E1c5fb4d37A15,2026-04-22 12:53:10 UTC,455165075
13,0xa3fa7c1092bab4871397cedfd6264beaa363fb661046a7924d6874cd6b09f3ce,0xAa0048DD8aE2458b23bBd98584A93494a99d96b3,2026-04-22 12:53:20 UTC,455165115
14,0x5e48c6054e7ce07f060948a39b1dffe6e96ff9af23be1dcd05544cbad3d193ad,0xb63FB31e3fC1FfCfb9077832E922617DE77f9E8c,2026-04-22 12:53:47 UTC,455165224
15,0xa255e560e836cdb2a416ad8809d926608bb0bbd2782397b558d1e9503b05b539,0x75f119589D1ed65EffE909EE910a8200F04797d3,2026-04-22 12:54:59 UTC,455165513
16,0x29608be09964592d980c8ade53310cf5446e8c9d1d5bc1e832337e19a1c22788,0xE77244CE0BEF9740f5c1900a51916f3f8D81a7C6,2026-04-22 12:55:12 UTC,455165564
17,0xa67647dd7641acd77dcf8168767beaf18fb291f4a58aa5b656d5e9c79239afbc,0x3Ab3c128193F829A85D76b6390D7148F7bA26051,2026-04-22 12:57:09 UTC,455166029
18,0x574854e1a62762b792dea26358016dcdf2766ecc3e5d70448d29983e9477c7cc,0x0A1E34A3956128B5677b3d30FABA621F525538d3,2026-04-22 12:57:34 UTC,455166130
19,0x14d9731131516a56d1819d016123b007943588accc3fafabc58b8be2261f0974,0xa54A434739C02e38eB6d8288dd6C5C8Bed69b125,2026-04-22 12:58:24 UTC,455166333
20,0x886a093d148bd66b9ffe5a87071e9b11554fc5e115065ba8198f37226344fb65,0xACEa2791ac6806Fa32183254be6b741181e8809e,2026-04-22 12:58:57 UTC,455166466
21,0xa802a8bfb3627707157afcdba4e9a8fe4f44e3c3809333607bf0def549dd88ce,0xaBBF01D95346368d2d85995B28880F9c4557d7b0,2026-04-22 12:59:52 UTC,455166685
22,0x3ff9647250e7f8fdbc6501f8719721066ee6708917a136db4225dadd9f3afded,0xa0016b9874941Dc1c40DE2571C3650e06064dB22,2026-04-22 13:00:20 UTC,455166797
23,0x152488f5ffcf4cabf7e96a0133a8e7939911cf9bb91dcc45c3973cd51db1444b,0xAebced0Be9bb1453a9a17b40D0B8b08B65356B5c,2026-04-22 13:02:52 UTC,455167402
24,0x1ae8d139c046117651b97bc86cf53b5539de320e0ae196616d71627b562f939f,0x33CAF14372cBe1f3FDBeC944670AE715ca5bC8f4,2026-04-22 13:08:13 UTC,455168692
25,0x8012452ac9d833dfae714a8ebfccfaac87a5e4d22bd848cb46fa7e67fbebb9a2,0x704Fb28e49F54C205a85CB1817392Ca382Ff8b67,2026-04-22 13:10:09 UTC,455169155
26,0xe2292ea4e5193f1e2c1017fae464cc1c99a216c8193c896f70ba12d4bd90385e,0x127417795C78CA6c2461EE6b0605bF0D9B1d123c,2026-04-22 13:19:54 UTC,455171507
27,0x8dbf33dcce4de9823f37f493e766008b078517c9473919c8920dc48b1a29c917,0xB6BD535EFa8F0bA1297640220988043673F67f25,2026-04-22 13:24:40 UTC,455172657
28,0x2268898171450967098357e550b6c562331d38e5b26fbf2ec9bb6e24fe09c651,0x84192154e7650aDe35db11Dc6c31B05c7169F48e,2026-04-22 13:25:23 UTC,455172828
29,0x145407ca1afccb9e583c3f229f9432fb5a1436ed7bb184814c725bf7fb623487,0xE820f59454f77f46C085ebFc0ce6ACD5bb7EF46B,2026-04-22 13:28:01 UTC,455173458
30,0xabc0935646532f8a603344f951d131272ab3b1c74737917a7065a1bffd965f96,0xFfAFF1ED3cFAAF03aE265a11187F2E0852459baB,2026-04-22 13:30:18 UTC,455174004
31,0x07d13a67ad715972e48fc01f11ecf0a77d95603ede5d3db8a8bfbfa37963a9e7,0x8b31A414aedDBB6863c35aF8436B6687673447Ff,2026-04-22 13:40:05 UTC,455176363
32,0x69d8f9bd895c23fd187f47caf9990eaaa044d5c7fa526afc8dd07ba9be915940,0x063022Ac6217d7cc6841055faac7d682457C8314,2026-04-22 13:56:36 UTC,455180345
33,0x2af2ae602aa261f738f9ab2eeeb9773b5c661f34429fff5a6381a9b2b680aa7a,0x4F5ef7A4C57FAF6017f003742A68ABE12b65b589,2026-04-22 14:05:22 UTC,455182452
34,0x7f406db1d2b4d48bb2953cf7582deb5719bedb21c93272e3f8816fb9addc21af,0xEc837F399F04381E19d0e278C1a6366161Bc9A08,2026-04-22 14:09:41 UTC,455183491
35,0x22672071b97c8fc30d72f95decf6a90a40569158f6d25dfc5437435ed73e4e0a,0x4FDA45483Ce1DB994f74ffB2A10cf7a0B0efe0CE,2026-04-22 14:11:14 UTC,455183864
36,0xe3b6971f5f4dc6588738e2b31f76a97ba982b5f70fc3003603a7356906ed7116,0xCF5B37944C0132ba4dBCdD59EBF33BcD8a590Fba,2026-04-22 14:14:16 UTC,455184588
37,0xae22ac2ab26c513db913fdfd7133008c0d57641d41614dc6e331fa0b26163b62,0x968b1238000aa9C7386Ad83B50cc26691aFDA1FD,2026-04-22 14:15:18 UTC,455184845
38,0xb6d591bc741c35ec5eedc7faf9fd2387eccb1e888650790311e59d9e4676d2df,0x8E63178780eA773C43822bf8DA2238ae6869ACaB,2026-04-22 14:22:20 UTC,455186534
39,0x245bc023182612b425af47523a1940d1dd6e2ade048eeb269119ab71a4551483,0x1a21e66E340ED97452C1cF901E6095412d3aAbde,2026-04-22 14:33:03 UTC,455189107
40,0xecd012682419e27ee62c4b1361c79cb975ef4ed26a998758588db11a19781af2,0x2123DE91E145ccd7086160B489CEb6E73C80e9fB,2026-04-22 14:35:52 UTC,455189783
41,0x1d553eefb500e57da28ad7a99fbb97f7e06ac2d3739b915c9ca4c784220b9ed8,0x91D608115e115A77511036C51115D75C547ebEE3,2026-04-22 14:36:21 UTC,455189899
42,0x57280d7469c4bc6d46e64a9796c84c15cabf24510da8291438b712fbf318f45d,0x61759FB5255532F8f977d0a51B7037651bECac74,2026-04-22 14:50:27 UTC,455193291
43,0x685deb4dbdfb135989c8dd6192f8e206f9ed12f5db436fedb2c709b9be7b20ce,0x0A4B2Dd1A9b45236B875c70F7d5407FFe789B684,2026-04-22 14:54:04 UTC,455194160
44,0x33451179458415ca6818dd96ed06bde6101b90fd2872be1f9fc275d2a2c5f3c9,0x094bB6D9cC7ccAE855Cc508A0a7Fc14f5911FED8,2026-04-22 15:24:51 UTC,455201553
45,0xb61a12d121d2b83426f133207b46a0745650185c81df3774cf6a9e1bcd8c1af0,0x32173890fA8E2a639b661ADdcA6d90CdB51eA3a7,2026-04-22 15:24:58 UTC,455201579
46,0x2c7009c420d304c0e7b2a0546fa751e3181f712986c06a6e33397984b89db491,0x2851586f2179C6fd581BF3233bA8Af549094Ab34,2026-04-22 15:26:06 UTC,455201855
47,0x7876c29ac20fca4ccda6adca5a9871a967970e220ddd953e18f0b6b485e8ed10,0x8ACA254a8f0Cae92980DD3D27a3A5037D971eeC2,2026-04-22 15:35:29 UTC,455204110
48,0x104dd58d1fdc6c9fef14ffe760b6fa46fa9dd6786bf4537b389141d2859d9c22,0xF1E17fa4A403a6F00b87A017f904754B65A66685,2026-04-22 15:41:44 UTC,455205616
49,0xc1630f3f943602635fe88b2b4cdf918802e3a3b3f1af245ebeaabb4256d83d69,0xfa730DCcbE44CF5f0E89F055D175bd28fBEb3943,2026-04-22 16:40:18 UTC,455219701
50,0xfde54639a8c780c22cd1bbb6c52eb6a144133e12ea0914c46bbefeccbd605f74,0x083b523D7d877A55FAd9aB697792875C964bfB3a,2026-04-22 17:35:58 UTC,455233086
51,0xbb39f87202f19ec151030fccea788678bcfb5ba36062a1dd74031605899c4878,0x6d5cc11dc26F198A66E6408E00D19dfe9c6664C0,2026-04-22 18:04:15 UTC,455239874
52,0xd4568a170f64445057761727660de72e5972bb19f313a351ff0500bd5eb94222,0x935E21186a62fa0940b688606f5298E383ea226C,2026-04-22 18:13:53 UTC,455242185
53,0x2806828dc590ded382e577bbe6773d81d15de08326df1a7baf1bb8ec02796323,0x6F7420FcE43b08a475E2DdcD72D21206894B6D31,2026-04-22 18:26:04 UTC,455245111
54,0x7662832f2b90dded365c547b17036a870f5fc8806feabb57824c2bb8b79f318a,0x56AEfe905ff159Ae4f192CBb1033Cb1a9B0556d0,2026-04-22 18:32:33 UTC,455246672
55,0x6d873aac9d968519408b43f0f18d95f39d7d15a123b33513d2c26988417ebb0c,0x108965BCb91ce58679F8B9FE61eEd4121C39b643,2026-04-22 19:09:00 UTC,455255420
56,0x54d71eca7e3d0e288f74a8b7d071013b7c8703260c4a4e7e4df0e28a04606cac,0x42CA29076b3deeB67740150694e646036AeBf600,2026-04-22 20:22:41 UTC,455273121
57,0x0f5254d1a5608ed4c26b3cabf261b3bb7d6e52e054b1d95b127a667e0f55c0d8,0x8C021677379f2d67bb568F10d8F538cBF721c899,2026-04-22 21:37:17 UTC,455291030
58,0x939c353e8c3c6f354d3d4284cae9e80d6e9da0fd6a942c3bc553bdb4d4abcadf,0x0feae3dd63E2286c4Eb5dCB72041c099Ddd45ACD,2026-04-22 21:43:42 UTC,455292570
59,0xc53a309f0aecc6f5ee28ae04a1c17ab88e7de2560b389956f1c2cac0f24e9ea0,0xB813a4F3ffF374FbC68e595e81c99437EA69d24d,2026-04-22 22:30:03 UTC,455303696
60,0x51bc086f6e886acbdf617370ff54f0cdd4b13cdb80c47518b66263dd7c1c687f,0x8c51688d20ea6615451E5F5E37a459366dffc284,2026-04-22 23:07:38 UTC,455312712
61,0x7ad0e2914d4968aa5ce86e16bf57b118ee59535c012b35d58265141a9807cb8c,0xB629b3497247CA7B77035199F1710Be81128605A,2026-04-22 23:25:01 UTC,455316881
62,0x03e79637b171f59ed289873b6e173558cebfdb947670f42b00b2fc7d49ac5901,0x38639aE811E99A119182C2E6B5D35aad67D0dDE7,2026-04-22 23:32:54 UTC,455318778
63,0x3e5821b69f7d386c42d0b08a214ae9f23ca119146499b138c9b2480f6675aa0f,0x1179C5c8bFE8f9B4B9fd9e194FD5058b1cb9E9e9,2026-04-22 23:49:47 UTC,455322829
64,0x173a62da8ce78b44cb65ea372ab955a4fd5ccf2c1876fc314f8599f1654e1637,0xDCcE758Cc737eA9b2637ad08d94bB81D8C85b96b,2026-04-23 00:06:02 UTC,455326729
65,0x39fb77ffe5cf2e50c0d4c89e065c9cdf142c3709cca3e88c0a36401a7ce7c13b,0x3De2d6D095E072bd8F36D738377b5454dBeb7Afc,2026-04-23 00:11:55 UTC,455328143
66,0x0c44782e5356dfe368ca1f6e73fcd6c87afce6c3132cee31e4a6720c4c539d76,0x5b2e20Ea82C5996A833ee9E85AffD3953f8038bc,2026-04-23 00:20:08 UTC,455330132
67,0x98431094445b7ee39b3e8f42209497ab13562bfbd8ef3a9f45af63644bf93f2f,0x3544E2071d6c4474677bdbF45eEdF460Ef486a89,2026-04-23 00:21:28 UTC,455330449
68,0xd26f80057d88cc9d176c0ec134d0ba7c1cdab72ed9e39e8a1faf2759af401dbd,0x3b19e165ae1530efe7294544829E1f03AA876EDD,2026-04-23 00:28:40 UTC,455332185
69,0xd957bf1fe015200638eed4b3454c85206fc8773fd878d6a40db3b86475501688,0xCDD0381a087D60228968F910ecAC5aeF2a72B769,2026-04-23 01:29:59 UTC,455346939
70,0x4775a9be49f42b9ec64a99b681b52dc8bdb4a9fb1da621f3ca62273aa294584f,0xAf6D7B712d04AeeA7e2ae230614a2F4775D1d7f7,2026-04-23 01:49:30 UTC,455351624
71,0xeee92641c4084328dffe8c9df5fecc9f11da6a7f26d495da1d5678c99dc8a7ee,0x41789b82E6eA2915bF95856079361B3e38CF0599,2026-04-23 02:39:13 UTC,455363579
72,0x7f51952b5320d67077bbf6c6ddd8a6442a24014a49b5fb48383b73e10d86b545,0xce2A813fA03E53aA68778a41db66d225ee769A3B,2026-04-23 03:19:29 UTC,455373251
73,0x38fb10f390b5115d02fa0d9311da6e08f46e72037efe5a0c1cf7318525b1355e,0x8fa84759562491B2b92fA649971a236054f5C413,2026-04-23 03:24:24 UTC,455374434
74,0x34f1627cf380a695d9d259b7e352c03a0358e4210aef8a2579a8854f90d05aaa,0xfA18175F2F8fF75219b262ad6caB0E6a49FcF71b,2026-04-23 03:36:54 UTC,455377457
75,0x020157572086e3214a2235413384d632430a49ec7b9dcb1785e77cb1a48972db,0xAaAac04abAdC687fFfBE02031A336d9d065C27aD,2026-04-23 03:37:47 UTC,455377670
76,0x0194c9547a66ed99414e55b7ac17ab67befe47c074f3f6dcc833a16b0c85708f,0x2E8867fac4e2f29A399157626e45a2A5AaFB2797,2026-04-23 03:41:59 UTC,455378706
77,0xe09aace8a229a4540ed8ad43c03bdc3bbd9289211cd2ba12056a64702258bb46,0xD46b48EFE9c3489158904020812104B76C4140A5,2026-04-23 03:45:11 UTC,455379474
78,0x02a626693576f0e1b208fbfd376de498b208387f0f8cb6c94df75853a1e66084,0x22191379954903FFC180C5b1793E8aba21BD3BdF,2026-04-23 04:02:44 UTC,455383741
79,0x821687ebadfffef5b33ab51e0f9c931fdefd0d6dfdefa5a2b39399ad014837f1,0xB97F5AD0707734980Cf08223E00e3cC1dD5B29Df,2026-04-23 04:09:35 UTC,455385388
80,0x7a430bd279f8e6a2fb80a1d604f63a522e77b1cd7d3256a139f28236fdb5bad4,0xb96E9F8bD3B161d6F6Dd7bC77eD17D977A6c61A7,2026-04-23 04:41:33 UTC,455393067
81,0xc0db8c2f3e1cddfc42247e520546bfee3034110e856e5a70faf7c1eec791a4db,0x6ac591538e6f5331af82a604d03dBA4c54b572a2,2026-04-23 04:43:20 UTC,455393491
82,0x7f15bec742606726aa5d0ce37e2fab1c5cacd723e2f46afc080cd4706af77cd9,0x48D1Fd59DdAFD10Bc35358104809784D80ab5652,2026-04-23 04:56:12 UTC,455396579
83,0xc2c3410615616cdc70f652d9e694d0212018502a22e7bcf3841e9d4b40e40d0f,0x3e6b13f7C3d9190F54E24B1CB16f08b16e9A52Fb,2026-04-23 06:20:33 UTC,455416878
84,0x86068dbdfb92ef4f7c9a29aa4b83eb14b0b31fb5faec927a344f2d6bae14a856,0x4C340da94d11492B396285B06Eb8c85fe16f1166,2026-04-23 07:20:21 UTC,455431260
85,0x87fbbb569bf1d5efc4f4d13fa8925aad893150d23e39279bc123e897b313212b,0x7A521D0EfdA57191f3eb59C658B7a2a41bfc3BDa,2026-04-23 07:51:32 UTC,455438745
86,0x5a8cd8df0827b89021bb5c37bdcf94416c3853efab89007f1e6bd0b8913cc8ee,0x9f5878D8f7386e927a73A192a5Ad6FC0c16990BD,2026-04-23 08:00:54 UTC,455440994
87,0xae9406e0b74e61273cfdd5437ec5a6cda4367bad56ea690bdca686a1b78eeba7,0xCB95a4442663A5e2AbAf1c49f7203F60E5F6adc9,2026-04-23 08:24:23 UTC,455446640
88,0xa469bb8aeecd7d34b8f13a3a98cf420fa5b3ca92cc92e7bcfe33face6a3f7e41,0x434c7D5144265EE08aaf960556E171b4ced226B1,2026-04-23 09:19:50 UTC,455459957
89,0x6d0fa300230cde75da221f06abdecfe346e878c618735807adb0f909c5313961,0xAD7F9E541f614d0faE97844720904e2E1E437808,2026-04-23 10:33:25 UTC,455477629
90,0x1b38254ef3cd22faf6ca03df91ee506c72ae234857cd476d2b74fe61b5df8099,0xf6598b407FC52610028C39152d81a952bD2c4440,2026-04-23 10:38:49 UTC,455478925
91,0x534602262d0b8d8c98e86e01d65eebfd2f5106a30fee2d500c41dce1d750e287,0xe5C98c868db0cc8cd7793e217Ce86157581918D2,2026-04-23 11:46:54 UTC,455495271
92,0xc09af0513926b0e83addb9c5f20fb974de3c8641b53f2592d110d4ba36e5845d,0xaf946b36f47C8E1D9453057810F2FC5BC1828e57,2026-04-23 12:58:40 UTC,455512510
93,0x597f81b984e124b6b0e8a2f43c986154c9aa7e7e6c2965439464369b391c8cb6,0xB01D40566bd7ba13d0397401ab750E1C11b26349,2026-04-23 13:22:24 UTC,455518213
94,0x18f3755edfa2c7772b8d7f81f2f5638a08cab5329ac60b97aa9a2ce314281f0e,0x80CD73aa08c90AA5a906c00285209cc93D796395,2026-04-23 14:28:55 UTC,455534235
95,0xcbd0611034a372235f5c17b795c0ad8621c1de3dc821f2ccdbf4808fd3b89e3e,0xD746BCEf492Bd4757C73Ac62d8fA78c121B27881,2026-04-23 14:48:09 UTC,455538856
96,0x4c5c0fe672b3322b134200434623eab3b5f15016c11601eb394233044816ce68,0xF6e76d80b71eD3545FC57D5102A8eF1Df6aed573,2026-04-23 14:48:16 UTC,455538881
97,0x52b58c4235fe0e911035e2028f1c56dca65c624adab87a085c15b2552ff91b82,0x81006b2742895eaEF3EB7DF153053073D48b7087,2026-04-23 15:43:12 UTC,455552086
98,0xd3d3b09db358c1d95a6932e66b18d25d54e592d29276be3ba4566a97ebf22eee,0x0501b222222cA9Ef67Be8Af56b13390c944f5DFF,2026-04-23 15:53:45 UTC,455554623
99,0x7edd9d2ea1a47e56d0706e0888e8fe96e93b7712f53589607f7e214ccf2825c4,0x84331719480a5fb603593cF3EB9cB5Da9BF75B8B,2026-04-23 17:53:51 UTC,455583475
100,0x9ce644ab3a4acc34b95293b9beebefd708d9fc8300b14d7c8e12d49fbdbefcbb,0xdEa7b02Afb47802a38196788267a865a041C5C22,2026-04-23 22:04:12 UTC,455643583
101,0x0cfc12df73fe18c99601891bafb430213995e9fa07254baa3a2b37dc1fafdab4,0x56435C3bBE74867cE799e470b823336a68dC5ECc,2026-04-23 22:16:39 UTC,455646570
102,0xa88989454e7110d5e3b087a701d9e594ab2a7e7cccfcb78e251e321dd22f8861,0x5eDe32aCA8C365671796CE00d298cC3eEe1EC895,2026-04-23 23:48:17 UTC,455668558
103,0xed63e8e37bfd69ef80149ce39b0971ce1c0b48189679f43f714153c4fb503469,0x5A5Edb90c5ad726D830F6BE3F37D2d89d67C436f,2026-04-24 01:13:25 UTC,455688991
104,0x326f67febd36f4bbceee04ae907dd17d15874db24c86fdb045fd1659399634bc,0x305B28889CCe36177CE90E626a8E694F0472E38c,2026-04-24 04:50:27 UTC,455740907
105,0x8a18f3c589f4ac9e81c1a42b8c872fa79ae7dd8869a4d60c7a50f26fe99c2c16,0xFB1268F135f0b50Aef5Ef8c34C18E8683B80a0ef,2026-04-24 08:04:38 UTC,455787250
106,0x249f5de34e167dd3442b1988d8f6bfd2e940fc7685c616f4cdbfca74c07e232d,0xbE9FC00064152cF56FE8D5f50C4194045ED80F28,2026-04-24 09:30:10 UTC,455807779
107,0x508baa59abdc1f6954d5799b960664447f1ee1b39853a2565aecef8bf3f0fd50,0x47D883b773F7C803006f94d9f72910F41192d3ce,2026-04-24 11:42:46 UTC,455839447
108,0x62d1311b82b8583c9390a9c2a592938c05b9d19ef421886aad94b2b2540a0799,0x33b4EFF79D32622B043BE95eC26183Ae7ca8eE30,2026-04-24 14:25:02 UTC,455878382
109,0x83e804756c06d6fe63d4a842cab3c83e5cd7f13ffd64b555e573c8dccb082310,0x820D56FB5f429b4b0D0934B2BF5d545aBdEb5114,2026-04-24 14:28:29 UTC,455879211
110,0x200883eee33c39a1ae8ac050fd02f30c499a9fc5e584f850139347c0cb86d1b3,0xC52767aF685d2a60c67010e3e96B153B06f3065b,2026-04-24 15:08:32 UTC,455888832
111,0xee44618025a7d2188427d797557d4b255a184a33bc1edd77a566baf88273764b,0x98Ee275c197Cc779788D96AA5ECff6f1D4f0D23a,2026-04-24 19:58:07 UTC,455958179
112,0x6e82f372b64ff1ff127bb92678e3bf6f9aecb4b0bd681a71c1a49dc74974fd59,0xc2465F62dd8394E24AFe1De874CCd3c7c962eddC,2026-04-24 21:09:19 UTC,455975193
113,0xf8dedb40c537a1926065839ae6056afff0cbcdc9e6dfa487dfa196f4c774c7f2,0x01E5E09A37935EfCE7205E52273b78A5A5E473Ca,2026-04-24 22:08:13 UTC,455989186
114,0x50a5228a2319154a33466c9e80f6f5a37129f087e63d28b14f0848934e2b6448,0xe5b4cee2cB6c47E915CA228CB95E569894039E6d,2026-04-25 08:42:41 UTC,456139716
115,0xdffb820daae2228c401466adb88dea8295480578baf2198900397264d9f3dd9b,0x36527763283fA2610327Ee3e195D3d8Ceb4b8524,2026-04-25 13:48:38 UTC,456212976
116,0x2fa41c740d74923e793ebfb6a136a210ef9b7d5eca90dc62fc9fb497b0897fa4,0x47C81f0bb1efEc95e17524B639063bF6c8f10eb6,2026-04-25 16:07:55 UTC,456246399
117,0xf45aa79333cf26608b715f57a143d58a7ba1db01a75f2d92f2f4ffeba6a28294,0x893c216DDE40A3F5DBDFEc42328632e4c2d21085,2026-04-26 15:18:57 UTC,456579768
118,0xf0254c510f9aefdeb70ae45b201638cfb501246d50a018baf6bbc8643ca0caf8,0xA1ce8Ca86FB4e0aFBB5F5345be0B672f88c4743d,2026-04-26 15:36:01 UTC,456583844
119,0xb57b32fdc79c7cffc969e6bdf9de0690c81603d2a2a9e16d1455df557a8fcfb5,0x99C6196E11007dAaE1B46380651d032d2D0C883f,2026-04-26 16:30:18 UTC,456596820
120,0x62461c759055ca9a2a2913c943c6172109af1dce6fd6cd08cc6bb499ccbe6ee5,0x7A4f7f929eEbf50c15B9f14D53C62b0C0CaE6c50,2026-04-26 20:17:44 UTC,456651402
121,0xf759af77df8870552694f991410c154c87619f0888a0df32357880fd5949c8b0,0x25e7601BA5FEC254E0834008CF40594EdfD08b0f,2026-04-27 01:50:10 UTC,456731227
122,0xbed0ac1feb0652274d256e5062d1575779028499a275ad895a77c7d26d04944e,0x2b89a6fdd06ce1964102249cF4BcbF7f71742D13,2026-04-27 03:19:57 UTC,456752778
123,0x5ef51f4cac9f3a83f367e14035ccb2bdc4e00e95215a1aa1b430a76dcf3c6645,0x1B301ea4664e50c924ccdD0fd9581e7bbF1e4bC3,2026-04-27 03:37:37 UTC,456757022
124,0xaa6aa1abb3266c26ff3a288b1b685a52f6715d790a2f3d0449d12421e9f8ce73,0x9E3f48Ec5C9129fC1e062E7949a3127D5F558ba2,2026-04-27 04:49:24 UTC,456774260
125,0x39a30f6446a45cea3ac5fca980f7de1ad9ae0519e17ee9a4eb4197008e88b7c8,0xF0c9a1A59eba1Eab2B2A320fE34AfC3Aa141219c,2026-04-27 06:51:54 UTC,456803701
126,0x847324bdc5fbfc9c0c21ead887cb58df057e40549c6d280290a3ecc4e3efd025,0x9C881CE9ca44fcc58d0425B6f85c1b4b2557A708,2026-04-27 14:57:36 UTC,456920321
127,0x6a2618d0e3440086068f27e7e586f5267a5a4e93c419d988962e0840c19dbe4e,0x7DdA27805b04C1D4e862456D86251379d14110f0,2026-04-27 15:55:59 UTC,456934358
128,0x33d046b36613a244bad2217292b079c39e06c966d785c7e497f4b66e1f5ae525,0x4ABbE9F64d30dBBB46243135a0082E868d22ff5e,2026-04-27 17:04:37 UTC,456950831
129,0x250cbf8205dd64321e181723771c89aa2e041a547b72367814fbe921eb482dcd,0x1627641994C7A78553e3B80636967412d999f3aC,2026-04-27 18:09:29 UTC,456966390
130,0xd3dc948d2464591a33c4b5c04edc88997c34fea3a5d9447a5fceba5b3b102462,0xA08501bEc9E35A0C629D668cED43f37C04A0053F,2026-04-28 05:14:59 UTC,457126123
131,0x3e47a723b83b9d2711d1ebf85ae4b9e67407158f56aed21b745c99319568cc01,0x8463Ff217D28b246525aaf4529277DdD52BAA92f,2026-04-28 09:58:13 UTC,457194214
132,0x485f3777cb126b734f79e301028d32c1fb0a01cdde048f61bb779f939a303bd9,0xFae809F495aa80EE72D9EcE0BbC834F3D2153c86,2026-04-28 13:59:08 UTC,457252029
133,0x2f319ad8633754521209a79b5624a3053180aee4fc061148eec5fe90d5898e57,0x5e9aA081D18Bb3C1be9479E85500Bd15f586E336,2026-04-28 16:08:14 UTC,457283028
134,0xc998ee99761e45e81c1dd93aef98736601cf5b03c49ef2bc477f34df9cb94a6d,0xDaD4a543Cd42dfBe2D0e599c5B0867c9427C1a09,2026-04-28 16:53:27 UTC,457293869
135,0xebfac4ed3c76a6878f20438c4b78ed98a60258787534287aa6631cf65f1f5f69,0x046c2209D634Ddcbb8aCF30452108b207b5BF61e,2026-04-28 18:17:29 UTC,457313997
136,0x70693464236774787fe13b82257a57c73d49ba3ea2f56057b0417bc426c233ea,0xBd51203A91f14EF766A8DEd65F024356b0303067,2026-04-29 00:20:30 UTC,457399988
137,0x9eb9f422c8f6c1b368fee858c185afc8287166ebba1af5d0cad4a14d7961e44c,0x13884472d23031e71394BaaE75b35FD252E8e3d8,2026-04-29 02:28:22 UTC,457430503
138,0xfdfb151424aa2e33ec66149cb345257324921d518ec5c3b894eac0d76414d49d,0xDa8f6807E29ec33e488F63D9EbF7BdD1342eb13D,2026-04-29 03:37:52 UTC,457447046
139,0x9c05324215bf5a111c8cc13e0775b6cb6412bb741b7dfa5cc6d386be1cacb82f,0x154E2Ab0b24E9262074841B14c0afa68633F71E2,2026-04-29 07:56:28 UTC,457509003
140,0xe57ce1847f13b76b0fdf6e19ac8c159553bc259ca8e1388a946410087ff3525e,0x6E24B3aCE36d8D23BF6272ea9103A08C15122FB6,2026-04-29 09:12:36 UTC,457527263
141,0x0b11cbb9394a368f66ee04a9dfce4296cbf9c583f4b028cebed8d7503d813420,0xD2d7E2118859B61d308dF01Acb267cCBAa176f97,2026-04-29 15:41:27 UTC,457620627
142,0xab7fda4f6acb6159013e31132392a1a2cc333645f1f1f58ed82350c4a5678af1,0x4307e5c9Cf7e3F9Bd72dEaF4459cc04A3bA287A1,2026-04-29 15:54:48 UTC,457623837
143,0x1f166e6fa29e81b8330cf4a884a5d69b7325bd7d4c13021c310434273c6135ee,0xF078E493e1Bb5C11153020820fd3b219556aeF0C,2026-04-29 16:07:13 UTC,457626822
144,0x7987d482e058b9ac11eb9612c0a16539982e7fa4103abdfa129e56c12c3e508b,0x635985EAC71cCb28f31556a2312b43a767Ae0d29,2026-04-29 16:35:15 UTC,457633552
145,0x8da2d242bfbb2e95932d5bf51bc4432d91456388549a19f0dcc89751419630b0,0x929d3556D0F1449E0c6ee1AE72C523542A88eBA4,2026-04-29 20:32:58 UTC,457690660
146,0xe1038e2d763d6bb1cc43f23c2d10dc2306a1800bb672029941c9f2f322d0c76b,0xefB95A60317f71fCaC2102bA1c431f12Bd8fd47A,2026-04-29 20:34:39 UTC,457691060
147,0x9d46d556e4dc9421bd7d75740ea95cf58203303b5b69c327090abc19d792a472,0x2e15Ee8a2Ad2444bE7946322083680eBa8af904d,2026-04-29 20:57:12 UTC,457696461
148,0x5e7daa0eec24863a554e2d2378aa177eb213d2660d282f823b99fb77836f508c,0x021d29724c703b04B6482F0E9cCD8bc8Cbd3C930,2026-04-29 21:20:27 UTC,457702023
149,0xa045ae043e634f917de80df0c008bbf6a9398ffc016c9c6d7d2d56db9ab8a981,0x633f33C333743822DdC85df7b14ccdAfBE0dc8Ca,2026-04-29 21:53:29 UTC,457709927
150,0x036ca7e00e00aad345b033eb69ed9ffb16462d1c82cda9f6654aca804f2f0103,0xDedB3504272037B941381d2eBEd88564a200584a,2026-04-29 22:01:52 UTC,457711937
151,0x57e915f6ccd32246193270b2be860f196f88e890ccc59d3ed2e053eb3ab2a89e,0x62e2cb57cCDaaBa48179fd1303940d7211140865,2026-04-30 03:27:06 UTC,457789912
152,0xf75e854890518bc4f680de91602f679162d4aa799ae9714cf704fe31382ca70c,0xeBd925F15f8df12BED7f963D23F9E57b92470B69,2026-04-30 07:07:55 UTC,457842894
153,0x5f39b71358250d91113e6f361beafc4b1e323fe637d7cc545963e818beec6209,0xd57Ee891367939F8E727A014e132CcfDD0476aB6,2026-04-30 09:12:34 UTC,457872805
154,0x7275621c46f9c3fb38674ae2a711417c3f69b7b20a8daff2a0904294dcf2a501,0x06947125a7667fa6Bd5a7A46c5Ad9AB42f9203C3,2026-04-30 09:31:18 UTC,457877297
155,0x330c10a9cbeb271245d64ba339118d460f597c88143c2a9687390079d87b4e30,0xC23B09841157A38a7ba064E4d1e9130d6B0F61e0,2026-04-30 09:32:41 UTC,457877629
156,0x92bd67227999054e3aea18179619f27da9346d14fff114a8239dbb7546edd241,0x8aD0146E0B44FC7143B73D4Bf8C0DCaa697Dd184,2026-04-30 10:40:21 UTC,457893862
157,0x9f5ae0915fb46abdf0d8a8c0be1dec9f92097bdc9d5f80fd5f56592c59935466,0xCF5e0Be213fe1917cCcEf862A1B5CdC9eb833BDC,2026-04-30 10:51:15 UTC,457896481
158,0x984c808852fd95e367c5bac7efed851de48da9462dd61581a0c3d18dd233f207,0xB8574F9b603F8bC8B204689FCC0491975Eb053df,2026-04-30 12:44:06 UTC,457923576
159,0x33b64f5a2ae99a319403451f3aa6b559699b608482ed28a63cd6a0cdef2fcdd7,0x057E6f13452fD7CfD3e3720bba1c63B911202b7C,2026-04-30 13:21:18 UTC,457932506
160,0xfb1f3e68ed926b723aa8c0ac64af5b4266047f7f17c3e946834f4b4ca46cb00e,0x863286Ea6562Ce5AfaF1d849c4F7981002F74809,2026-04-30 13:48:59 UTC,457939154
